50.4161
49.4463
48.6589
50.1825
51.1555
49.1921
50.4802
50.3699
52.1040
51.0872
52.4067
50.4117
48.5547
49.7383
49.6526
52.2754
50.3801
50.3089
49.7386
51.0434
50.5198
48.8160
49.6949
51.2926
48.2675
50.1468
50.1591
51.6274
50.5254
51.1107
50.0269
51.3360
50.6232
51.1968
49.7063
50.9960
48.6181
50.3565
48.2577
47.9304
50.0324
49.5326
52.4765
51.4029
50.0833
49.6745
49.8969
50.3801
50.8279
50.0547
50.2534
49.8936
52.1528
51.5240
50.7149
49.2887
47.7643
50.1541
50.4876
50.8273
48.9449
49.9449
49.7343
49.4189
49.6070
50.2635
49.4271
51.2375
50.0537
49.6619
49.8806
49.6352
51.3452
49.4398
51.7409
51.1413
49.6508
49.1417
50.6626
49.4740
51.3749
50.2108
50.3743
48.3281
49.6143
50.7835
48.5250
49.9779
52.2693
50.7715
50.4492
50.3954
50.9871
50.8100
48.9608
50.9731
50.7584
49.8972
52.0306
49.4665
48.7430
48.4301
51.2290
52.2448
50.2469
47.6795
50.7466
49.5759
48.8801
50.2478
50.6090
49.2409
50.6196
49.1748
48.7285
48.5173
49.9292
51.9208
49.6412
48.9265
50.0899
50.0209
48.8985
50.0353
50.8113
49.7617
50.3541
48.4386
50.0884
49.9622
51.1782
49.5882
49.5422
48.5018
50.3146
49.8786
50.2185
50.5406
49.1806
49.4525
49.0124
51.5376
51.0040
50.3569
49.4386
49.6482
50.4601
48.2864
50.3259
49.6913
50.2769
50.8637
48.6547
50.1051
50.4402
49.4663
49.8452
50.1126
50.0515
49.8001
52.1583
51.0395
48.9831
51.0660
50.5998
49.3875
50.0269
50.4870
50.3121
50.4633
50.9613
50.6096
50.0256
48.8980
51.0132
50.0116
49.8987
49.9843
50.0939
51.0952
49.9482
49.3938
49.1970
49.0099
50.3267
50.8423
50.5015
50.7817
47.2882
49.2502
49.7796
50.3222
50.0830
50.2120
50.4259
50.7436
50.1224
49.4858
49.0374
51.4119
51.6560
48.9859
51.1362
50.1058
50.3945
50.3384
50.5792
47.3004
48.7440
51.1849
49.3592
49.6353
50.8943
48.9654
50.5397
50.9237
49.1843
50.5946
49.0499
50.5792
50.2466
50.0952
49.9092
49.9722
49.9628
50.3879
50.4575
48.8847
48.4736
50.0059
51.5060
49.5686
49.2790
50.3918
49.5746
48.0543
50.4757
50.6933
48.7997
49.9235
50.2778
51.8339
49.2681
49.6021
47.1337
49.3078
50.0794
48.8605
50.7022
49.2042
48.8665
49.8912
49.7508
50.8046
49.0499
48.9430
49.7541
50.0266
50.1731
50.0483
50.7806
50.7029
49.2400
49.4607
49.6405
49.3608
48.7564
50.5475
51.2471
50.4958
50.2703
48.6877
50.6562
49.3405
50.5044
49.8788
48.5968
50.3352
48.5515
49.1730
49.6629
50.0204
50.4104
51.5142
49.7454
49.9113
50.6913
50.8859
48.5996
51.3034
49.6943
50.8455
49.4423
50.7553
50.5536
51.4771
52.7897
49.8775
50.2982
49.3393
50.5632
52.3487
51.1092
50.3688
50.0412
50.9730
50.9342
50.6351
49.4896
51.7847
49.5233
51.3030
49.7976
49.0559
49.0570
50.9045
50.1020
50.5221
49.9250
50.5169
51.4292
50.6634
49.5046
50.8513
48.6709
50.3612
49.9778
48.6522
48.8681
50.7766
51.0049
50.8326
49.1788
48.8424
48.4144
50.8406
49.7138
51.7057
51.6329
51.1660
49.4582
51.2021
49.7689
48.0242
49.1027
51.2299
51.7140
51.8939
50.2318
49.4151
50.5081
51.7173
49.0018
51.1594
49.9791
49.2343
48.3279
49.3607
49.5366
51.7373
50.5463
51.0550
48.3331
50.0050
49.5046
50.9842
50.6183
49.5612
50.8723
50.5177
47.5826
50.7643
51.1216
49.1220
49.5921
50.3743
48.4800
49.8067
50.1999
51.0424
49.3412
50.6202
49.7836
48.5616
50.2663
48.4578
48.8177
48.2893
49.0231
50.4125
52.1181
49.9094
49.6449
48.9804
49.3109
49.9214
51.8320
48.7708
49.6775
48.3277
50.8992
49.5831
49.4163
50.4499
49.7926
49.8009
50.4167
50.6540
48.8935
51.1400
50.0945
50.6428
49.3494
51.0915
50.3551
48.9157
50.0342
49.7777
50.1986
50.2525
49.0879
50.0033
50.5047
51.4324
49.7659
51.7101
49.7987
49.3302
50.2757
49.7904
50.1343
50.0869
50.1676
50.5480
50.5956
48.5431
51.2319
49.8364
51.2286
52.4987
50.3815
51.1273
50.4631
50.3802
50.5620
49.8806
49.0978
49.1458
51.0803
50.2987
50.0105
50.0232
50.1363
50.3376
50.5146
50.8899
51.1180
50.4661
51.9911
48.9090
50.5894
50.1312
49.9573
51.3981
48.4609
49.7481
50.1900
47.2202
47.7675
50.6113
51.4452
50.3207
48.0381
52.0828
50.7716
49.3008
49.1282
50.8489
48.6818
49.2183
48.3141
50.3393
50.6361
49.6087
51.9773
50.6723
49.7290
49.5604
48.9037
50.7959
50.0180
48.6810
49.2686
50.4821
50.2087
50.0270
50.2098
49.1778
49.4008
50.4473
49.7094
48.5756
51.6454
49.6356
51.2509
48.8473
50.9713
48.8276
50.8196
48.6021
49.4306
50.6140
48.5846
49.9883
47.2276
50.4617
50.1027
50.3163
48.7956
49.8820
51.5724
49.7076
50.2059
49.4215
50.6336
49.3512
47.2499
50.9450
49.1915
48.7294
48.1606
50.7202
49.2120
49.9810
51.2298
50.9649
49.2764
50.3580
50.0976
49.1036
47.9356
50.6616
50.8443
50.6670
51.0244
50.6042
49.2866
52.3665
49.5115
50.5821
48.7956
50.9923
50.3563
49.8213
49.9053
49.5934
48.5536
49.8910
51.0204
51.3155
50.4949
49.2242
48.8606
48.8973
51.1793
50.7842
49.6675
50.3037
50.9873
48.8892
49.1425
50.1814
50.2785
49.8548
50.2106
48.4346
50.3133
50.1325
49.3623
50.3916
50.1524
48.9579
49.6174
49.2931
50.7142
50.4837
51.4630
51.1764
49.5251
49.1577
49.9886
49.7423
50.7860
50.4191
49.2678
52.1786
49.6209
50.6719
49.2923
49.9630
48.4583
48.9338
48.5572
49.1455
49.1042
50.1767
49.4253
49.8938
50.1114
48.0516
50.0741
51.0369
50.1275
49.4076
48.8436
50.0515
49.5135
49.1620
48.9374
49.9711
48.7202
49.8247
50.1084
51.4182
51.4125
50.2377
48.1690
49.5034
49.9220
48.4747
49.6117
49.9590
50.1594
48.9992
49.7290
50.3634
48.3393
51.4867
51.0309
50.4354
48.8571
48.7886
49.8534
49.1152
49.5542
49.2709
49.3299
50.1885
49.5880
49.7780
51.5192
50.1953
48.2369
50.6620
50.5801
50.2197
48.7279
50.2192
48.8770
51.6766
49.7381
50.7252
50.1496
48.7878
47.3688
49.4945
49.3731
51.3858
50.3063
49.3629
49.7866
51.6612
48.9947
48.4613
51.2920
50.3705
48.5153
49.7427
50.0112
51.1269
49.3919
49.8645
48.5870
50.7446
48.8627
50.0126
49.0289
50.0325
50.9029
51.4327
51.3385
47.5960
49.0840
50.3126
50.3419
50.1677
49.7998
49.9654
50.1771
50.2188
49.2503
50.0955
51.3982
51.4799
50.6154
48.7252
51.6988
50.9660
49.4054
50.2083
51.0617
51.4624
50.1650
49.9202
49.7357
51.1069
49.7426
49.9183
50.4338
49.5199
49.8772
49.7424
49.3329
48.0290
51.2142
47.9012
51.5345
50.3948
49.9038
49.2894
50.0600
49.1300
50.4163
49.3836
48.3892
47.6674
49.8787
48.6402
48.2256
50.7757
51.1481
48.6460
49.0778
49.8422
50.2569
49.7059
49.6082
50.0042
50.6714
49.5576
49.8114
51.0919
49.9777
49.4273
49.3450
50.4551
51.7419
48.7739
49.5689
50.6242
50.5780
49.8291
48.8977
50.7990
49.7673
50.1731
49.4887
52.3249
50.3129
50.3810
51.0303
52.2125
50.1006
52.7586
51.1010
50.5882
50.5958
47.4562
50.5763
48.6262
50.4524
47.4535
53.1301
48.0159
51.1509
51.7791
48.8928
52.6278
49.2269
50.7207
51.0196
49.5447
49.2337
49.9499
50.0039
51.0462
49.2152
50.1783
49.4333
50.1146
50.8042
48.4481
51.4490
50.1261
50.1921
50.1411
50.6667
50.5692
50.0124
51.3026
49.6245
50.5192
51.6769
49.7489
50.4580
47.3025
50.0860
50.1225
50.1703
49.5426
50.0754
49.4098
48.5967
48.7587
48.6233
48.0705
49.8624
49.8814
51.1690
49.8021
50.4520
51.2560
48.7871
52.6863
47.8791
48.5374
50.8264
49.9670
50.0347
50.5021
50.9177
50.5432
49.6569
49.4033
48.6715
49.8375
49.6207
50.1552
50.0026
48.8492
48.3618
49.0609
51.2236
49.3478
48.7913
50.7281
49.6994
48.6769
50.5774
50.4321
50.1125
47.9027
50.8228
51.1705
51.9422
51.0656
50.0848
50.5159
51.1847
48.7570
50.5871
50.8192
49.5478
49.6190
50.2980
49.9476
50.1641
51.2783
48.5625
49.6341
49.9275
50.9355
48.1962
51.1390
49.3738
49.7353
49.8107
50.2454
49.2195
49.1387
49.3297
49.6519
52.0569
51.2005
50.4640
49.8394
48.1881
50.8011
49.6709
50.6853
48.9389
50.7411
49.9226
49.1692
50.9864
48.8771
49.9491
50.4705
50.9372
49.0417
49.9376
48.6116
50.4496
50.0904
48.9431
48.0271
51.8063
48.1176
49.2682
49.9390
49.8531
50.1564
50.3307
51.4624
49.3862
50.2265
50.9922
50.7090
50.4244
50.5484
51.7602
49.6943
49.8418
51.3345
49.2120
50.0602
50.2889
49.5261
50.1913
50.3788
50.7867
47.6870
50.3967
49.3714
51.2126
52.0022
50.9007
49.6780
50.5223
49.1948
49.7412
50.9712
48.9903
52.0448
49.9198
49.4544
48.6324
48.5394
49.0157
51.2307
47.2258
50.9994
50.6054
48.3370
49.7758
49.4600
50.0507
50.3184
49.9146
50.8068
48.1813
48.9944
50.0184
48.6342
51.7367
50.6046
49.1856
50.5560
50.4430
50.9749
50.7753
49.9473
50.2545
49.1520
49.4278
49.6834
50.4035
50.1218
49.5340
51.5631
51.7077
50.7695
50.2553
49.6737
48.9770
49.5304
48.7665
50.3045
50.4814
50.2292
50.5941
50.9677
50.5764
48.6221
50.4086
49.9381
50.0514
49.0759
49.7220
49.9900
51.8248
50.5823
50.8359
49.6997
50.9117
48.5606
50.6087
51.5967
49.1491
49.8646
50.3504
48.9829
50.6112
50.5182
50.6469
49.9869
50.2337
50.9890
48.4985
48.6242
48.5082
52.0653
49.9618
50.0551
50.5762
50.9998
49.2450
49.5352
51.3315
49.0656
49.0861
48.4543
48.8850
49.9861
50.8885
51.4414
48.0614
51.1837
50.1708
49.6737
49.7572
49.2904
50.7946
51.5949
49.5114
50.0841
49.1448
50.8414
51.6300
50.6138
49.1925
49.7024
49.6145
49.8018
49.2172
49.0350
49.5216
49.3788
49.6875
50.6714
47.4567
50.7940
51.1112
50.2373
50.4814
50.4087
50.7180
50.5861
50.3769
50.0274
50.4482
50.0620
51.1578
49.8016
48.8443
49.9316
49.3269
51.1876
51.6824
48.4516
50.4349
51.0213
51.2899
49.6627
48.4638
50.7565
49.3144
50.7235
49.1110
50.0222
50.5823
51.5465
49.9452
48.5121
51.8214
48.8511
49.9648
49.0003
50.6141
47.8198
50.6333
49.1973
50.1254
51.0474
52.0781
50.0889
50.2119
49.3618
49.9014
52.3156
51.4945
49.5593
51.0210
49.5724
48.9321
48.8091
50.4462
50.9756
47.9686
49.4875
50.7032
49.1130
50.3575
50.5798
48.6366
49.9040
46.8327
48.4402
50.0423
50.0588
50.2071
49.8914
51.0177
49.7635
51.0346
50.1635
49.7122
49.8912
50.5021
50.9798
50.5071
50.4518
49.2448
50.5892
49.3132
49.6628
50.7552
48.7615
50.3706
49.9083
49.6077
50.2718
49.0156
50.7254
49.8488
50.0728
48.4775
49.2900
49.6731
49.3870
50.2856
50.6044
50.6039
50.3451
49.0585
49.6682
51.4818
48.5884
47.9984
48.7230
50.6788
51.1253
50.9871
50.7096
48.1057
48.7363
48.6475
50.1644
49.5022
49.9216
49.1020
49.1268
48.9915
47.1682
49.5867
52.1389
51.8054
49.7175
51.9250
48.9147
47.6314
48.3102
52.9855
49.4353
48.7795
50.6035
48.9791
51.2240
49.8847
51.0875
49.6545
48.8018
49.7200
49.9507
50.0067
49.9384
51.3345
50.5985
49.9667
50.9668
49.6395
50.0162
49.9514
49.9967
49.1774
50.6709
49.6562
49.0626
51.4884
50.2857
49.3644
50.8561
52.6420
49.6440
48.6985
51.4544
48.6478
49.8274
50.9009
51.3326
49.1840
51.2590
48.1915
51.1642
50.7687
48.6108
50.2526
49.2332
50.8060
50.7897
50.3117
51.4075
49.7962
48.2949
49.2991
48.8727
51.2595
49.2902
50.9374
49.4430
51.5372
49.2507
49.7672
50.0293
48.5090
50.9498
49.9614
50.3054
50.0941
49.1605
51.0923
49.5214
50.2034
49.7329
49.9979
49.8778
52.1151
50.5339
49.9107
48.8564
49.7464
48.8922
51.6608
50.8490
50.5196
48.8338
49.2448
49.5881
50.1961
50.5489
51.0641
51.0537
50.2786
49.6700
49.1617
49.1833
49.9615
49.1967
49.8094
48.2215
50.5146
49.4932
49.8922
50.4009
49.2789
50.3455
50.1388
50.2045
50.6018
48.6430
49.1433
49.8566
52.9245
49.8177
49.4027
50.8995
50.3030
50.3199
50.3748
49.1491
50.0236
49.9596
50.0361
51.0302
50.7295
50.6869
47.2124
48.4298
51.5337
50.6326
51.0372
50.2878
49.8687
50.3821
49.1411
48.6120
50.1878
50.0459
48.8256
51.0423
49.6031
49.2345
48.6491
49.2794
48.9198
49.4767
50.4237
48.7704
50.5309
50.0633
48.8924
51.7829
48.6753
50.3125
49.2632
49.9487
49.8890
50.2766
49.4123
50.0801
50.8576
49.3324
49.6603
51.4039
48.6098
49.6726
48.3047
50.2631
51.2520
49.3235
51.0021
50.8073
50.6965
50.0707
49.5734
48.9895
48.1724
50.4956
49.1679
52.1491
52.8540
49.6502
51.0351
48.6435
48.0900
51.1621
50.1320
50.6349
49.2270
49.5429
51.3774
52.2220
49.5742
49.9198
49.8413
49.2144
49.4250
50.2300
49.3920
50.8060
49.4765
50.2005
51.9739
51.7801
49.3631
50.7317
49.4908
48.2158
51.4779
49.2243
51.3943
49.5018
49.9376
51.8000
50.5298
51.4006
50.9471
49.2819
51.4799
49.2469
48.2198
51.0637
51.7886
50.5198
49.0334
49.8068
49.5075
50.3783
48.4830
49.5187
48.1678
49.9661
51.9575
48.7552
49.2671
50.2437
50.5278
49.8405
51.0150
50.2161
51.0441
49.4091
50.7031
48.7422
50.7983
50.2191
50.9792
49.0586
49.8753
51.0182
49.4607
50.6822
51.2684
50.2021
50.7693
48.9753
50.4045
50.7173
47.8407
51.5877
50.3836
50.7921
50.5316
51.4292
50.3936
48.5008
50.1273
50.6137
50.4539
50.1343
50.7480
49.4367
51.1984
49.2040
50.3322
50.6130
49.5160
49.8564
51.2095
52.0845
50.7354
50.2399
50.2045
49.5468
49.8617
49.0690
50.8434
49.1572
49.5553
50.4884
51.1534
49.1540
49.6279
49.3686
50.6024
48.2528
49.7931
49.2628
48.8984
52.2161
49.5097
49.9640
49.8587
50.6317
50.6867
49.1802
48.8029
47.9549
49.7875
50.9214
49.9547
47.0581
49.1424
48.4062
51.3891
49.1158
48.4192
50.9122
50.5830
50.8712
52.4681
49.7463
48.6026
49.8501
51.5460
48.4440
48.3626
50.1017
51.3498
50.5776
51.2587
50.4130
50.4791
50.1862
50.3965
49.0958
50.6225
49.2967
52.6544
48.4108
51.6915
49.4950
50.3629
48.8266
49.0557
49.6104
48.5291
49.8076
49.5373
48.5535
49.4315
51.6964
49.3317
50.4874
47.7800
48.6744
49.8615
49.1384
51.3161
50.4248
50.2889
50.3087
49.6176
49.4115
49.7137
48.0514
48.6856
49.7692
49.4705
51.1478
48.3216
49.2643
50.8549
48.8665
50.2337
51.1672
50.6568
50.3577
48.6057
50.3495
50.6725
49.6318
52.4172
49.8244
51.2103
49.2315
49.5409
49.7836
48.6973
50.4909
49.9545
50.0639
49.9252
48.9377
50.6257
49.5469
48.4640
52.0313
49.7597
51.6035
48.9220
48.4008
49.6148
49.2456
47.5561
49.2993
49.4760
48.5198
49.9337
51.0522
50.9801
52.0784
50.8703
50.6464
51.0384
51.1763
48.9332
49.4049
51.3394
48.9817
51.5663
50.2899
50.4501
51.0772
47.6577
51.5998
47.5636
49.2882
49.6056
49.7438
52.2182
49.6204
50.4289
50.0875
51.0559
51.0650
48.0034
51.0159
48.4192
51.2172
49.5209
49.3652
50.2547
49.2673
48.0415
50.2421
49.5046
48.4335
50.7209
49.8270
49.8740
48.9398
50.0628
47.5905
48.9054
51.8591
50.0219
50.8004
50.7552
48.7772
51.1703
49.3654
49.9566
50.3687
52.5432
48.0295
52.1564
50.6682
50.4650
