49.3354
49.4107
50.4454
48.5148
50.8060
50.6302
47.9039
48.0603
50.3314
49.6656
51.0365
50.7935
50.7880
50.6787
47.9486
49.5955
50.6785
50.6772
49.9727
51.4815
50.2461
50.1289
50.1354
48.8835
49.4665
49.6715
49.2123
49.7244
51.2558
50.2022
50.4480
49.1543
48.8960
51.5852
51.4325
49.2649
49.4644
50.7668
50.7331
50.6495
49.4564
49.1410
48.9588
49.8545
51.1154
47.4788
50.7211
49.0835
49.0598
49.5734
50.2012
49.6339
49.5681
52.5975
51.4329
49.9149
47.9414
51.0309
51.9383
48.9897
48.7944
51.8348
50.5233
49.8722
50.5226
49.7292
49.6631
50.2347
51.3590
50.7185
51.3743
52.0394
48.9867
50.6240
49.9923
49.7121
50.1043
49.7304
50.4789
51.1743
49.7790
51.6480
50.7295
48.2025
50.2995
50.8194
51.0087
51.0590
50.8629
49.9093
51.2723
50.3380
50.4883
50.9004
50.9479
49.4448
50.5165
48.4661
49.2249
50.4848
50.2792
48.3718
50.1703
49.5337
49.7611
49.6935
50.3464
49.4244
50.6285
50.6887
50.6827
53.3563
48.0196
49.4415
50.4298
50.5236
48.8211
50.5906
49.4650
49.6832
52.3463
50.2706
49.7258
50.4291
48.6973
50.0993
50.1952
49.9016
49.3602
50.0991
49.4769
50.2547
49.2849
50.9226
48.8527
48.7657
50.6307
50.0537
49.2793
50.9071
51.2830
49.3788
51.3935
50.4970
51.6136
50.2001
51.0101
50.2262
49.9785
49.4843
49.7698
50.6075
49.5574
50.0614
49.7387
50.7482
49.4468
49.4790
49.4768
48.9183
50.6037
50.7194
50.4259
49.3148
51.2681
51.2782
51.8031
48.3268
49.9506
49.3903
48.6393
50.0019
50.1313
49.5555
50.3109
49.3894
50.3781
50.0941
51.2210
49.4620
49.8145
52.8620
50.2447
51.0507
50.4655
47.9594
49.8971
51.9272
51.3197
51.0159
50.6591
49.8088
50.1699
47.7671
50.8984
50.2682
50.6453
49.6901
50.2485
49.9235
49.4992
50.4182
49.9627
48.9297
49.4508
49.6864
50.2218
50.0946
50.0286
50.0557
50.7349
50.8785
49.6037
51.6435
48.8504
50.4534
50.9642
49.3669
51.2620
50.2132
51.3581
50.4705
48.7291
50.1055
50.3787
49.0986
48.4661
52.4578
48.5794
50.3531
49.8657
50.0578
49.7818
50.2802
50.2545
50.3096
49.3451
49.2989
48.9944
51.7320
50.6174
51.2523
50.2558
49.4591
48.7771
51.6183
51.2753
51.2405
49.3599
50.4903
50.5406
48.8217
50.8680
49.4593
51.2288
50.3281
51.4548
48.9965
49.9232
49.6150
51.4677
50.8997
48.2647
48.1527
50.3803
49.1593
48.9605
49.2816
51.2596
49.3036
50.6685
49.6141
50.5830
50.3142
50.2727
49.4454
49.8952
49.0380
50.0673
49.4203
50.9828
49.6149
50.4491
48.5760
49.6435
49.1214
49.7011
49.2202
51.0136
51.0559
50.7944
52.0353
47.6265
51.1902
51.1973
49.9262
49.3722
49.6727
50.8096
50.5681
50.5581
51.1996
50.4580
48.8982
50.1705
50.2587
51.0815
51.0289
52.3418
49.4151
50.7415
50.1609
49.6634
50.7521
48.1141
51.2047
49.1806
50.3628
52.0443
50.7966
49.8964
48.3376
50.3440
48.0322
51.0660
50.2959
50.9223
49.8089
51.5055
51.1327
51.2649
51.7290
50.5872
51.9285
49.5384
51.5195
48.9394
49.0942
49.8537
49.0635
49.4386
49.6091
49.6469
49.6384
51.5929
49.3853
49.0750
48.0402
51.7024
50.3572
50.8040
50.0688
50.4196
50.4963
51.6844
48.5076
49.4802
50.6884
49.8198
50.2781
49.2636
49.7619
51.2570
48.6552
51.3822
49.5649
47.9909
51.3610
50.5222
49.1636
49.7371
50.6775
49.4518
49.5596
50.1160
49.4903
51.0640
50.1589
49.3216
51.1851
50.4007
50.2722
50.7180
50.2921
49.1103
48.0773
50.6611
50.1867
50.7657
49.5620
48.9179
49.4821
50.5064
48.3876
49.0521
51.8764
49.4588
50.8662
49.9260
50.6275
50.4198
48.8258
49.7870
49.7627
50.3169
49.1130
48.3991
49.2002
51.8145
49.7696
50.7318
48.2756
50.9170
48.7537
51.3329
49.2653
51.2890
49.8139
51.3651
50.2359
50.6908
49.5601
52.0645
49.8453
50.1948
49.4937
49.7707
50.8087
50.1516
49.9805
49.4369
51.2228
52.3599
50.5624
51.3356
50.2586
49.4900
50.9322
51.2610
51.0173
49.8237
48.7867
50.5135
51.1707
50.3349
51.0039
48.7356
49.0087
50.9351
49.1381
48.5545
51.3484
49.0251
50.3460
49.2786
48.9721
49.7368
49.7028
49.9994
50.2725
49.5521
51.8618
49.9140
50.2168
50.3697
51.1364
49.6890
48.1243
50.4908
48.4963
50.2314
48.4413
51.3653
51.8582
48.9745
49.7964
50.0114
47.7208
48.6952
53.6353
51.1012
50.4734
48.7809
51.9610
50.7840
48.5145
48.6836
48.7683
48.9274
51.4660
48.4756
51.1800
51.3650
50.0709
51.8245
51.2204
51.4675
50.9890
51.0333
49.2449
51.0692
50.4567
49.8344
48.8220
50.3962
51.0050
50.2734
50.7326
50.8040
50.7868
50.4846
50.1037
49.3513
50.9369
50.8140
49.6502
50.4190
49.4004
50.3842
49.9977
50.8890
48.7461
51.0635
49.1999
49.6649
50.2173
49.8630
50.5048
51.5877
50.2160
51.0502
49.3361
51.7564
51.7489
50.8907
50.5631
49.5226
50.1734
49.7281
50.6517
50.8451
49.1025
49.2650
49.3871
49.0950
51.0872
50.4311
49.7953
48.7694
48.3349
49.7480
50.8345
49.3915
49.7568
49.4100
48.8921
49.4760
51.0262
51.5398
49.2588
48.5050
48.4350
49.9167
50.4546
48.7391
50.3484
51.6673
48.6470
48.7877
49.5263
48.9765
50.5902
49.7896
51.3896
47.6664
47.8004
50.2637
52.3150
49.8405
51.6664
50.0906
51.3336
50.6164
48.4434
50.4650
49.7510
49.3885
49.7131
50.8598
50.7184
49.3471
50.1638
51.2160
49.9007
50.2174
50.8138
48.5991
50.4357
49.3144
51.5066
50.6544
50.5589
48.5741
49.3852
51.1445
49.9662
50.1934
50.1762
50.4730
49.1592
51.7893
50.4768
50.2806
47.7587
49.4947
51.1531
48.5558
49.3041
50.1328
49.6435
49.7726
49.6430
49.2716
51.0657
48.3330
50.4662
49.3491
49.0157
49.0076
50.3632
50.8944
49.9606
49.6324
51.0329
50.1079
50.6649
50.3847
49.2730
49.0138
50.5756
50.5431
51.3408
48.9770
49.7858
49.3736
50.2787
50.2917
50.1441
49.8150
49.1546
48.5890
50.6835
48.5591
49.2639
47.2721
50.4328
48.8873
50.6992
49.8443
50.9147
49.2698
49.4059
49.4319
51.0013
49.5732
49.2032
49.6613
50.1331
49.5987
50.2819
48.9380
50.3408
49.3710
50.8774
49.8184
50.0002
49.8600
49.1952
49.9416
49.7290
51.6043
49.8382
52.7190
50.0522
49.3058
51.0383
51.0988
48.7508
51.9140
50.5803
49.9378
49.3525
50.1978
50.0401
50.2241
49.3037
49.4291
50.2015
50.2998
49.3765
50.5466
50.1237
50.0197
50.0590
52.1247
48.9205
50.6558
52.0422
49.2417
48.7147
48.4352
50.0979
48.8334
51.2691
49.2225
51.2904
51.5956
48.7513
50.4192
51.1435
48.3951
51.2800
50.3994
48.1720
49.8782
49.6276
51.1486
49.4080
51.0203
50.5508
49.1212
51.7900
51.0663
50.4462
50.3470
49.5733
50.1917
50.3561
48.3107
49.8542
49.6753
49.8424
50.0072
49.7484
49.7610
49.6602
49.3774
50.6472
50.1429
49.3752
51.3393
48.6148
49.2675
48.6182
50.7385
50.5594
50.7651
48.8867
49.5638
50.6609
49.3204
49.9400
49.4912
49.9568
48.3006
50.3261
49.5245
50.0899
50.0178
50.0209
49.5247
51.1569
49.0252
49.1313
49.9217
49.9846
48.1442
48.9846
49.8013
50.1589
51.2893
49.5419
51.9064
51.3493
52.5950
50.4660
52.2499
50.7953
50.8817
48.4981
50.3265
49.7894
48.8598
49.6125
50.0392
48.4073
50.3149
50.4084
49.9368
51.2137
51.2553
51.4873
49.0699
49.3680
52.1303
51.1901
48.6948
50.3731
48.8677
50.8042
50.7486
51.6088
49.6113
50.9098
50.1750
49.5802
50.1000
50.5056
50.9632
49.3768
50.0638
48.2434
50.7035
50.1692
50.6090
49.5466
49.0182
49.9858
49.5427
49.3447
51.4520
48.5151
49.8985
49.2842
50.2155
49.1272
50.8127
51.6629
50.8822
49.8585
51.2111
50.7614
50.5499
50.0340
50.6986
49.5801
49.0589
49.8066
49.4371
48.5871
50.4042
50.6508
50.4880
49.5099
50.1569
49.0853
48.5518
47.9338
49.6987
49.0577
52.0449
49.0510
50.1562
49.7361
50.4900
49.3101
50.1811
46.8441
48.1238
49.0868
50.2266
47.1139
49.1391
48.9693
49.3225
50.9930
49.4072
51.4232
48.9367
49.1235
51.5029
48.8929
49.1164
49.3115
48.7988
49.8480
49.4277
48.1993
51.2845
50.4496
49.6618
51.8088
50.5474
49.6266
50.3246
50.1437
50.3572
49.6429
50.0296
49.7649
49.8235
51.5342
49.9480
48.3248
50.0071
48.8640
49.6379
49.9823
50.7381
49.5653
49.7804
51.3886
50.0174
48.7086
50.7995
51.3806
50.6509
49.2855
51.2914
50.0692
48.7490
48.5377
50.1266
49.9311
50.7387
49.8147
49.7786
50.2467
49.5950
50.8567
50.8150
50.7053
48.8360
50.4052
48.9690
49.5636
48.9222
51.3816
50.0849
48.1682
48.9280
50.0272
49.8226
50.0299
50.7034
49.6931
48.7033
48.4979
49.2539
50.8218
49.6766
50.8037
49.4826
50.3791
50.3185
49.8833
50.8705
49.4663
49.3118
49.1501
50.1183
50.5800
49.1573
49.6154
52.3169
50.8788
50.2285
48.9457
48.5651
49.8858
48.8718
50.1231
49.7323
48.8631
48.8760
49.8860
50.1007
50.5569
49.8542
49.4820
51.0209
50.3159
50.2291
52.0825
49.6999
50.1201
49.4714
49.4917
49.0946
49.8491
49.5313
50.0739
50.8426
50.2429
51.8424
50.5180
49.7730
49.6580
49.8801
49.5893
49.8796
49.2641
50.4563
50.5915
48.3679
50.5009
48.2723
47.5452
48.6137
48.3053
49.5637
50.0067
50.4823
49.5438
48.6400
50.5379
50.6176
51.2686
51.1492
49.0409
49.5803
51.0958
49.3939
50.0651
49.9440
52.0663
50.8073
51.0957
49.7432
49.6173
49.0339
49.3573
48.7333
52.2359
49.1116
51.3757
49.2432
50.6914
48.2191
51.3786
48.8888
50.5492
52.1105
48.4019
50.7789
50.3369
47.5396
48.9505
49.5196
49.9063
51.2515
52.6697
48.4425
49.3974
49.3976
50.3264
49.6721
50.4716
49.6083
49.9001
49.5278
50.2515
49.7839
50.3986
50.1977
50.7957
50.2214
49.2010
51.0978
49.6332
48.9310
50.6311
51.0811
50.2318
50.0658
50.4610
48.4150
50.0951
49.7518
50.8829
47.7797
49.8390
48.7753
50.0378
50.1244
48.3679
50.4717
50.5604
51.3596
51.0414
49.4730
47.7143
50.2927
50.2986
48.4572
51.8067
48.9728
49.1215
49.5817
51.5165
49.1240
49.3846
50.6782
50.0708
49.2522
50.5480
50.4454
49.3913
50.0947
50.6171
48.0283
49.6806
50.9733
49.6869
48.2359
50.4190
49.1947
51.3047
50.6678
50.3288
48.0559
50.9613
50.6155
48.2803
49.5898
51.1409
49.1832
50.3124
51.7028
49.6787
50.4865
51.1868
49.5737
50.3388
50.3922
50.5066
50.9383
49.8081
51.0045
48.0975
50.9881
50.6405
49.7657
53.1834
49.0336
48.8368
49.7140
49.8546
49.5854
49.8799
51.0261
49.0809
49.4589
50.6577
49.5809
50.1968
50.4394
50.2374
49.8883
50.7620
50.0613
50.7579
49.6502
50.2699
51.0532
50.5399
50.1613
51.1727
52.4215
49.2503
49.9724
49.0798
47.6999
48.3699
49.0246
49.7945
50.8572
50.5785
49.5833
48.8757
50.0433
51.2737
49.0880
50.7538
49.1486
50.8488
49.2725
49.0183
51.6935
50.2546
50.2743
51.4068
49.6330
48.9863
50.9001
48.0266
50.5532
49.8333
50.3570
50.3066
49.3809
50.5867
49.9983
52.4566
49.4081
49.0423
51.1431
50.2864
50.3203
49.0407
49.3224
49.7729
48.6874
50.1104
50.3939
49.8625
49.3549
50.3856
50.5856
50.5875
50.3954
50.8423
50.4321
48.3843
50.1761
49.4119
48.2920
49.2924
48.7351
51.1669
49.9552
49.2414
50.1031
49.5153
49.5270
51.5493
49.6601
50.7438
48.6795
47.6580
49.3835
49.4643
50.7404
49.7776
48.9701
51.1861
51.7467
50.1906
48.8860
49.0592
48.9881
50.9494
51.3762
50.0015
49.5904
49.7156
48.3292
48.9425
50.9157
48.0989
50.2631
50.4621
48.9222
50.3860
49.5651
49.5376
51.2197
49.5471
49.2102
50.5109
50.5292
49.7728
48.4047
49.4458
47.2583
49.7733
52.0123
49.2056
50.3091
49.0106
51.3123
49.6605
50.5188
49.2782
50.6483
51.0348
48.8640
47.8060
49.9663
51.0858
48.8244
51.2526
51.9864
50.0350
49.7895
49.2503
49.9881
49.3622
49.2375
48.5873
51.8736
49.8739
49.8170
49.3584
49.5561
48.7752
50.2923
48.8609
48.0004
48.3252
48.9001
51.5958
49.0537
50.7814
50.4395
50.7363
49.6200
49.7354
49.8145
49.3505
48.7418
51.2662
51.8461
49.1332
50.7815
51.4731
49.0860
50.1384
51.0140
50.2856
49.6120
51.8162
48.9433
51.7644
50.5024
50.7839
50.2124
49.1149
49.4708
49.0326
48.8279
50.4371
51.1187
50.2099
51.7814
50.9490
50.4628
50.1766
50.1212
50.3604
51.1350
50.0183
48.8933
50.7943
50.4720
50.1191
49.9472
50.1673
50.1251
49.4903
48.0140
50.2075
50.2461
48.3652
50.3580
48.9228
49.5665
51.7796
49.3684
51.7012
48.1549
49.4014
51.9850
50.1097
49.9586
47.8529
49.1890
49.5569
50.8893
48.5636
50.1346
49.7790
48.4305
50.6867
49.7967
49.3689
51.0254
50.0468
49.7034
50.3913
50.6054
48.4425
47.8990
49.7083
50.0913
48.2801
51.3394
50.0157
51.2117
49.9307
50.0919
50.5750
48.7967
48.1016
48.8829
51.2635
49.1184
49.1220
50.6728
49.1756
50.7717
51.0637
48.9808
48.3757
48.9405
49.9036
50.6359
48.8914
51.8584
50.4093
50.0591
49.6258
48.3216
49.6537
50.9937
49.3280
49.9120
47.8551
50.6393
49.9707
49.1825
49.9435
48.8551
49.6459
49.0075
51.8220
52.1174
50.6199
50.6928
51.1497
49.3892
49.2440
50.7091
50.6256
48.0955
52.7119
49.5213
49.2984
51.7764
51.8199
51.2048
49.2051
49.5788
49.8815
49.3292
49.9449
48.2539
50.7986
51.2859
51.2833
50.2696
49.8667
50.8316
48.7171
48.2441
49.4596
48.1276
50.1607
49.3672
50.8499
49.4150
49.1421
48.5296
49.8776
50.2437
52.0044
48.4215
49.8675
47.8358
50.1848
50.2238
49.3193
50.2983
50.7230
50.6528
51.0408
50.9571
51.2311
51.3141
50.7754
50.2801
49.5947
50.0416
48.6720
51.8892
50.3423
50.1576
49.9346
50.2830
51.1309
50.0915
49.0130
48.9219
49.5930
51.5139
49.0852
49.9578
50.7810
49.3932
49.5631
51.5847
50.5292
50.6468
50.7266
50.5540
50.2044
51.6143
48.8270
51.6968
48.7245
49.8073
48.4684
50.0522
49.4075
49.8416
48.7483
49.5382
49.5459
50.3332
49.3349
48.1760
50.0560
50.7407
50.3783
50.7675
49.2808
50.2129
48.7799
49.4880
47.9096
48.7472
49.8074
49.5792
51.2229
51.5160
49.8553
50.7170
49.2129
50.8855
49.1129
50.6643
50.8303
49.8774
48.4032
51.2616
50.2476
49.9808
49.4138
48.9225
49.7418
48.9097
50.1942
50.2507
53.0470
48.6738
50.3848
48.7717
49.7692
50.1251
50.9521
51.3105
51.5548
49.0044
50.4248
50.1906
51.9416
50.1123
51.3989
50.6279
51.3183
48.9994
50.7635
51.5765
48.9264
50.8506
49.1974
50.2376
48.8516
49.8783
50.7490
49.1860
52.4472
49.9304
48.7672
48.7170
48.8185
48.2224
48.7461
49.8150
49.9035
50.4539
50.4718
50.8765
49.7805
48.3258
49.7890
48.5575
51.2644
50.0654
49.3569
50.2626
48.3074
49.4868
51.4293
51.3201
51.8986
50.0797
50.2042
48.7966
49.8006
48.6353
49.5722
50.4449
49.9899
49.1501
49.8918
51.3419
49.9352
48.6589
49.1832
50.8855
49.6418
50.1197
49.7410
49.6237
48.7952
50.2395
52.3408
50.5422
49.1977
51.0539
50.3697
48.4320
50.6150
51.1259
49.6116
47.2644
52.1442
50.6810
49.9361
48.5248
49.0241
50.5105
51.0434
50.2235
49.9350
50.6862
50.4628
50.4854
49.5818
49.0955
49.2325
51.1123
50.2168
51.2228
50.0956
49.6941
48.6354
48.1141
49.2928
50.3829
49.4409
50.7160
48.0523
48.3119
49.3515
47.7859
49.0078
50.5976
50.9658
49.3541
50.7601
47.9175
50.1920
50.4671
50.1955
50.7575
49.3646
49.6126
50.6944
49.4235
51.5751
49.9352
49.8979
50.4316
49.6493
49.6839
49.1532
50.5072
49.8777
49.3482
51.4069
50.2105
52.4492
49.8088
47.8088
50.6081
50.7434
50.0061
49.2374
48.3282
48.2769
50.7942
52.0175
49.0492
50.8547
